2859
6312
47833
61772
19217
63885
5318
33383
9653
38549
20042
16797
4881
50953
50234
54909
10289
33666
64649
47436
9998
10012
2648
11905
13049
14893
48593
6208
7268
12438
36879
11766
22684
21204
48473
29103
65071
20541
17480
27180
4610
24386
63026
40671
13589
64897
36763
37186
19654
16944
1511
23736
6162
47419
9497
52372
10687
6486
64618
1512
25058
4846
58991
27258
34536
28161
38931
37278
57327
45434
11437
46454
56623
25589
43979
48421
45261
25645
51831
49453
53211
60146
25751
3276
20905
4524
18296
57310
2183
35645
49945
40698
35645
61992
10310
25896
40940
16856
58588
41554
2094
58048
37161
21828
24820
1390
43091
40515
65506
51229
13658
41510
43211
63771
52738
41844
59952
59035
20419
41481
33778
1655
63538
59350
41342
52882
21836
32101
60803
38063
53784
18526
45614
64399
11311
27743
49964
22151
13922
43174
55154
36242
63230
48667
5517
46469
25739
12027
52949
37790
60733
52882
64000
13482
13159
59795
48429
14129
20153
16849
59386
16771
46792
32756
22705
47225
14874
5558
63882
20064
64825
12752
60774
37708
4665
23972
7079
48391
25109
35532
6707
21832
10562
50614
22603
5437
28566
57599
54830
42389
39864
19814
59793
16099
29589
59944
59152
48950
41174
967
45660
64401
47367
29149
29395
9950
6371
61862
3631
42984
53134
33075
49130
46523
52598
51273
42815
24841
27029
5796
34970
10920
43722
23963
9968
1768
8405
58159
32601
21429
13448
30970
8765
14433
57400
24580
49996
35325
39872
62962
39104
21069
51576
63009
3387
43576
9966
52384
47704
44812
11254
57287
20119
60545
4147
8580
27813
57379
35225
57766
21862
65071
39228
6407
14037
24562
46522
63513
51521
35029
55152
52458
53110
17840
53622
39660
32417
57781
42583
27759
34134
55835
18392
18542
44852
62773
16741
16888
8602
34703
62390
40654
7930
41529
16782
4951
44686
33911
18507
26898
38743
41307
7761
5152
50152
49996
44243
43795
27243
50281
56612
27566
38525
10131
15017
58972
57923
53931
19816
8880
3729
48007
46287
34770
39126
34517
2641
9831
38225
42597
57026
44162
46788
15261
32622
61947
7971
61333
20491
12797
84
42084
22453
22647
13771
44813
33018
21784
26931
34670
4676
56423
27294
10162
5215
63496
41176
53124
62270
64553
42561
27813
20822
1828
43686
29461
10857
56407
16545
40614
22362
22975
7716
40735
54403
50154
43315
33549
54846
56045
7401
19580
28526
61442
44194
12796
64195
48179
25875
58969
29848
24421
4721
56772
53229
62038
10334
61691
4193
22568
25157
16820
35906
17114
31039
45068
22602
37905
7640
6840
8605
46830
12443
42010
62764
12973
41409
10369
60740
24260
10218
22283
61915
51741
11425
39465
38241
61084
34029
22423
16865
12827
16727
30082
63508
58624
40266
29737
40751
61120
46662
31874
36793
38900
43432
15785
37125
29440
18658
20613
55073
48414
6438
39685
51557
52462
31224
5955
2000
48935
55114
48788
35271
45113
52345
45518
895
30934
16318
7829
27377
15733
15789
43491
22906
48292
52341
10866
46890
22301
62244
22112
8088
26070
50197
22140
33054
53107
42942
23486
50654
36432
20413
49231
50477
15498
22181
39370
8980
60082
26756
7710
11789
51773
27
52230
47063
15470
65094
58236
35036
62424
10586
40567
36082
16374
37540
34428
36898
43428
58899
48307
8456
31520
17468
38958
30809
2227
53032
28039
37078
54882
61327
62419
37867
30104
18354
41343
33954
63891
39959
41053
30682
40147
54917
63271
29836
64320
58739
8190
17776
38459
10157
7132
34021
4045
29119
53740
8349
10909
32405
7277
37567
35819
53111
47771
26118
1363
65256
44281
2126
48161
18038
32524
59082
28068
14159
11196
47073
51566
16631
40952
19339
65048
50831
9922
19321
8513
62113
2543
49996
45587
51400
30888
52812
40269
52497
57281
19993
35955
63423
42218
29885
62971
8799
64692
18082
3061
3714
63585
3730
57460
3981
3184
18734
40091
3527
5877
32374
38806
27125
16027
14748
14183
29658
2975
10503
30019
62476
35976
62791
27667
22525
42054
36103
45015
36626
16258
12563
8871
40580
57107
7541
17861
30873
59020
7919
32016
10275
29496
1422
40864
58338
12959
47506
25361
62494
2912
46609
30470
26758
16575
68
27972
43622
39984
64073
8001
53491
45438
65522
5620
59346
23953
55962
25233
52381
36264
16875
20745
62445
20921
49591
50533
60155
24651
7150
61012
15640
61720
12462
9999
3499
7763
26752
29682
5371
34472
52583
26016
12638
27734
24997
28815
44153
1103
48727
57610
1621
37731
45937
40899
15271
39740
5497
30633
21148
64994
24340
40159
38778
12416
33737
56536
33101
26075
45651
19143
13356
55878
44508
63539
4996
63028
27271
35273
47246
61034
16723
21156
57552
32949
5546
20108
54211
53076
23094
29801
13892
37610
59126
44909
64542
36947
56966
32160
60543
42036
32803
2056
6938
48867
13701
12565
32326
53137
41818
58547
61355
6806
10126
8025
649
35840
23877
540
7516
51599
49781
40545
44523
40576
63995
20329
29692
41917
54724
49197
10539
4360
659
35708
63692
33616
63845
35138
39692
20992
38057
51259
40808
9493
6253
15849
48515
49184
40994
55551
28147
1966
10537
48009
46943
52905
64239
29585
64810
58576
4783
31114
48307
40554
50600
38221
57961
54279
49012
64403
43425
24587
20279
36949
38612
58020
961
13598
58466
5247
33015
65269
56358
61648
19969
40095
54431
18593
57319
48534
29904
61426
3651
29390
10116
14688
23285
62951
17012
13021
24936
4295
59661
26107
29033
14360
33521
23664
54229
58890
13444
63015
47103
39249
61804
40363
65196
11680
57139
33333
26161
53438
1574
24660
23002
18395
2485
47996
24774
22237
27912
12211
56445
5246
62831
11183
10670
40162
4141
44296
60533
40784
54558
49619
14497
35933
49359
41401
44327
61267
36998
11275
33591
41351
40557
52574
62645
53025
40093
3433
26187
7372
55564
57896
3648
62272
6868
63341
46567
64121
20697
15949
63225
63840
27475
44803
29725
39359
58019
21868
62211
22978
16193
44286
37487
15945
58857
26919
11909
35424
369
64124
11452
57911
32369
9295
40541
16767
7447
33205
57304
8240
59561
59493
31567
64441
17231
44042
14644
22484
54597
8545
33205
42947
20900
44647
49218
37079
15834
49124
38649
41067
58588
13645
50571
2929
55660
3674
38242
60308
62645
14865
63116
57091
32042
29104
50693
2863
3681
43812
45263
33307
